IMU 1    3332 15244 -6904 -118 4 89
IMU 1    3180 15356 -6824 -119 5 83
IMU 1    3316 15236 -6828 -123 -3 84
IMU 1    3216 15216 -6936 -116 7 87
IMU 1    3172 15224 -6812 -123 5 84
IMU 1    3124 15228 -6944 -125 2 82
IMU 1    3264 15184 -6892 -124 5 88
IMU 1    3212 15372 -6916 -118 7 89
IMU 1    3192 15400 -6916 -113 5 87
IMU 1    3120 15340 -7060 -121 7 85
IMU 1    3032 15152 -7028 -115 2 90
IMU 1    3200 15236 -6972 -139 -43 104
IMU 1    3204 15296 -6968 -105 -3 95
IMU 1    3036 15208 -6912 -145 -90 126
IMU 1    3300 15276 -6888 -159 -172 150
IMU 1    3348 15204 -6836 -142 -102 125
IMU 1    3380 15444 -7228 -110 -7 119
IMU 1    3404 15292 -6764 -126 1 85
IMU 1    3188 15224 -7044 -118 3 92
IMU 1    3208 15272 -6844 -113 2 72
IMU 1    3120 15140 -6804 -121 6 87
IMU 1    3320 15136 -6936 -110 3 104
IMU 1    3260 15316 -7040 -123 -1 92
IMU 1   3208 15260 -6860 -131 -30 99
IMU 1   3232 15276 -6968 -131 -51 114
IMU 1   3360 15356 -6896 -133 -13 95
IMU 1   3256 15312 -7340 -107 -84 109
IMU 1   3200 14764 -6992 -251 -257 167
IMU 1   3564 16632 -7604 18 -387 384
IMU 1   3468 13932 -7268 26 -320 221
IMU 1   2988 14740 -7864 70 -351 243
IMU 1   3928 13876 -6744 284 -310 505
IMU 1   3484 15268 -5636 -472 -332 106
IMU 1   2260 15340 -4436 -908 -301 -36
IMU 1   3684 14996 -5272 -146 -157 220
IMU 1   3520 15036 -5912 -234 64 -32
IMU 1   3048 15188 -7252 0 172 23
IMU 1   3052 15300 -6672 -206 29 61
IMU 1   3276 15200 -6872 -68 31 110
IMU 1   3144 15260 -6852 -142 18 64
IMU 1   3124 15216 -6892 -108 9 70
IMU 1   3204 15320 -6836 -124 21 83
IMU 1   3100 15384 -7040 -110 4 88
IMU 1   3160 15268 -7072 -126 25 83
IMU 1   2572 15364 -6588 -108 113 -10
IMU 1   1876 16416 -7648 -162 33 -28
IMU 1   2124 15336 -6152 -238 -95 166
IMU 1   2168 14020 -6052 116 -53 124
IMU 1   2088 14284 -6180 -254 37 188
IMU 1   2692 15680 -7496 -537 340 -66
IMU 1   4380 18040 -6624 -218 271 22
IMU 1   816 18380 -8428 129 368 25
IMU 1   4452 13788 -5132 -67 13 59
IMU 1   612 10176 228 192 -327 262
IMU 1   428 12468 -2924 84 -466 111
IMU 1   4264 17384 -9224 -48 -49 338
IMU 1   4592 12768 -1664 450 -217 408
IMU 1   836 11532 -4036 -444 -265 -309
IMU 1   2832 20224 -6980 -331 213 -144
IMU 1   5680 16260 -6860 239 -182 339
IMU 1   -3944 1232 -10112 -118 -347 -358
IMU 1   3512 16844 -1672 -488 -213 39
IMU 1   6660 22160 3368 950 -402 428
IMU 1   6616 14920 2348 -853 -310 -130
IMU 1   6544 14020 -2920 -354 -565 278
IMU 1   7844 15016 -4072 -104 -165 291
IMU 1   -1152 -6128 -3780 -629 -163 -584
IMU 1   6444 16736 188 -477 -793 514
IMU 1   2408 8200 -2312 -240 -39 253
IMU 1   4028 10768 -2720 518 -362 146
IMU 1   4696 23948 292 -553 298 38
IMU 1   3684 11940 -7832 167 391 26
IMU 1   3448 12300 -3492 -477 380 98
IMU 1   1352 15200 -7180 -1326 -322 -673
IMU 1   5020 19284 -5740 -393 -331 103
IMU 1   6692 18532 -8356 445 -533 144
IMU 1   1796 6588 -2964 502 -364 158
IMU 1   1524 12224 -5172 -522 -164 253
IMU 1   3636 14404 -6328 -536 112 -48
IMU 1   2228 12740 -2236 -195 -118 129
IMU 1   6852 32767 -16732 -11 1071 589
IMU 1   3896 15096 -4920 156 345 256
IMU 1   4760 13440 -6576 476 -470 327
IMU 1   -1192 6092 -5528 378 -433 144
IMU 1   4576 17996 -9420 -520 377 18
IMU 1   6788 21228 -3412 390 -149 689