IMU_No   AccX,AccY,AccZ,GyroX,GyroY,GyroZ
IMU 1    3332,15244,-6904,-118,4,89
IMU 2    -15616,-908,1012,-128,36,40
IMU 3    -15816,-3504,-820,155,-10,4
IMU 1    3180,15356,-6824,-119,5,83
IMU 2    -15540,-1016,932,-128,27,45
IMU 3    -15800,-3576,-756,161,-4,3
IMU 1    3316,15236,-6828,-123,-3,84
IMU 2    -15528,-872,852,-171,17,59
IMU 3    -15852,-3576,-708,158,-6,-4
IMU 1    3216,15216,-6936,-116,7,87
IMU 2    -15600,-876,916,-117,22,25
IMU 3    -15836,-3576,-824,142,-9,10
IMU 1    3172,15224,-6812,-123,5,84
IMU 2    -15444,-904,920,-140,23,48
IMU 3    -15876,-3656,-904,142,-16,10
IMU 1    3124,15228,-6944,-125,2,82
IMU 2    -15688,-916,840,-139,22,56
IMU 3    -15828,-3652,-788,145,-13,12
IMU 1    3264,15184,-6892,-124,5,88
IMU 2    -15572,-852,996,-127,38,40
IMU 3    -15776,-3492,-712,142,-6,35
IMU 1    3212,15372,-6916,-118,7,89
IMU 2    -15400,-916,1152,-119,31,46
IMU 3    -15784,-3568,-788,149,-5,5
IMU 1    3192,15400,-6916,-113,5,87
IMU 2    -15516,-856,1084,-122,28,37
IMU 3    -15844,-3528,-728,145,-3,6
IMU 1    3120,15340,-7060,-121,7,85
IMU 2    -15424,-920,1144,-126,35,60
IMU 3    -15836,-3540,-772,146,-4,4
IMU 1    3032,15152,-7028,-115,2,90
IMU 2    -15556,-872,1124,-123,47,92
IMU 3    -15844,-3576,-764,131,-6,2
IMU 1    3200,15236,-6972,-139,-43,104
IMU 2    -15588,-876,956,-83,32,27
IMU 3    -15816,-3484,-880,127,6,13
IMU 1    3204,15296,-6968,-105,-3,95
IMU 2    -15544,-864,952,-117,27,36
IMU 3    -15828,-3564,-900,125,7,11
IMU 1    3036,15208,-6912,-145,-90,126
IMU 2    -15560,-972,828,-180,38,33
IMU 3    -15756,-3568,-924,137,26,15
IMU 1    3300,15276,-6888,-159,-172,150
IMU 2    -15488,-548,1112,-132,22,41
IMU 3    -15860,-3452,-1072,136,1,-9
IMU 1    3348,15204,-6836,-142,-102,125
IMU 2    -15516,-780,1036,-112,29,18
IMU 3    -15812,-3512,-792,154,2,-4
IMU 1    3380,15444,-7228,-110,-7,119
IMU 2    -15504,-760,916,-124,30,39
IMU 3    -15820,-3516,-872,137,-19,-33
IMU 1    3404,15292,-6764,-126,1,85
IMU 2    -15496,-692,1104,-123,29,29
IMU 3    -15900,-3564,-984,153,-14,-1
IMU 1    3188,15224,-7044,-118,3,92
IMU 2    -15564,-924,1084,-111,24,21
IMU 3    -15744,-3532,-964,148,-17,-6
IMU 1    3208,15272,-6844,-113,2,72
IMU 2    -15624,-848,1024,-104,22,7
IMU 3    -15872,-3564,-884,156,-25,-12
IMU 1    3120,15140,-6804,-121,6,87
IMU 2    -15556,-916,1160,-129,32,27
IMU 3    -15880,-3528,-880,166,-41,-11
IMU 1    3320,15136,-6936,-110,3,104
IMU 2    -15504,-784,868,-128,27,22
IMU 3    -15820,-3628,-824,148,-33,-25
IMU 1    3260,15316,-7040,-123,-1,92
IMU 2   -15556,-1012,1128,-124,25,29
IMU 3   -15804,-3560,-784,142,-24,-18
IMU 1   3208,15260,-6860,-131,-30,99
IMU 2   -15608,-1072,988,-165,21,15
IMU 3   -15828,-3632,-900,148,-13,-5
IMU 1   3232,15276,-6968,-131,-51,114
IMU 2   -15464,-1152,852,-175,38,46
IMU 3   -15712,-3680,-812,160,-8,4
IMU 1   3360,15356,-6896,-133,-13,95
IMU 2   -15660,-696,780,-134,19,28
IMU 3   -15824,-3636,-840,131,-23,-18
IMU 1   3256,15312,-7340,-107,-84,109
IMU 2   -15496,-1176,828,-108,24,12
IMU 3   -15816,-3708,-760,134,-20,-15
IMU 1   3200,14764,-6992,-251,-257,167
IMU 2   -15496,-1088,1108,-95,35,55
IMU 3   -15852,-3628,-748,155,-31,-12
IMU 1   3564,16632,-7604,18,-387,384
IMU 2   -15512,-1056,1100,-144,30,31
IMU 3   -15916,-3692,-788,139,-12,25
IMU 1   3468,13932,-7268,26,-320,221
IMU 2   -15592,-1036,1016,-99,5,52
IMU 3   -15812,-3600,-528,152,-18,-4
IMU 1   2988,14740,-7864,70,-351,243
IMU 2   -15560,-1252,836,13,14,-18
IMU 3   -15756,-3632,-800,206,9,75
IMU 1   3928,13876,-6744,284,-310,505
IMU 2   -15520,-828,900,-84,18,8
IMU 3   -15868,-3464,-860,162,-10,43
IMU 1   3484,15268,-5636,-472,-332,106
IMU 2   -15484,-956,1080,-77,22,52
IMU 3   -15896,-3508,-724,154,-39,-6
IMU 1   2260,15340,-4436,-908,-301,-36
IMU 2   -15628,-824,1264,-152,6,26
IMU 3   -15876,-3504,-816,160,-16,-27
IMU 1   3684,14996,-5272,-146,-157,220
IMU 2   -15500,-936,1128,-233,16,69
IMU 3   -15772,-3612,-820,146,-40,-32
IMU 1   3520,15036,-5912,-234,64,-32
IMU 2   -15504,-1292,1024,-147,18,27
IMU 3   -15876,-3572,-692,170,-11,5
IMU 1   3048,15188,-7252,0,172,23
IMU 2   -15576,-972,1184,-29,14,25
IMU 3   -15800,-3624,-672,174,-29,7
IMU 1   3052,15300,-6672,-206,29,61
IMU 2   -15508,-724,1148,-22,12,25
IMU 3   -15848,-3588,-640,183,-36,-14
IMU 1   3276,15200,-6872,-68,31,110
IMU 2   -15404,-948,1268,-84,17,-2
IMU 3   -15812,-3576,-528,155,-31,-1
IMU 1   3144,15260,-6852,-142,18,64
IMU 2   -15632,-968,1276,-109,16,0
IMU 3   -15848,-3644,-584,146,-19,-12
IMU 1   3124,15216,-6892,-108,9,70
IMU 2   -15452,-884,1068,-121,15,-13
IMU 3   -15892,-3616,-692,153,-24,-20
IMU 1   3204,15320,-6836,-124,21,83
IMU 2   -15532,-1092,1200,-115,13,-9
IMU 3   -15864,-3684,-512,141,-26,-28
IMU 1   3100,15384,-7040,-110,4,88
IMU 2   -15416,-1296,1196,-111,8,-77
IMU 3   -15800,-3696,-540,157,3,12
IMU 1   3160,15268,-7072,-126,25,83
IMU 2   -15576,-1376,1276,-117,10,-20
IMU 3   -15796,-3712,-528,141,-16,-3
IMU 1   2572,15364,-6588,-108,113,-10
IMU 2   -15360,-1412,1420,-179,-53,-3
IMU 3   -15716,-3932,-332,153,3,-19
IMU 1   1876,16416,-7648,-162,33,-28
IMU 2   -16548,96,476,-89,-145,200
IMU 3   -16168,-3308,-1608,26,-283,-109
IMU 1   2124,15336,-6152,-238,-95,166
IMU 2   -15404,464,1844,154,-230,775
IMU 3   -16128,-3804,-316,389,-711,-645
IMU 1   2168,14020,-6052,116,-53,124
IMU 2   -14428,4700,28,1034,1,1924
IMU 3   -18340,-4264,-624,949,-1559,-1860
IMU 1   2088,14284,-6180,-254,37,188
IMU 2   -16248,3620,3976,825,-847,3057
IMU 3   -18144,-3164,572,998,-1901,-2348
IMU 1   2692,15680,-7496,-537,340,-66
IMU 2   -13404,5024,2252,-126,-35,1970
IMU 3   -10928,1252,-1852,1053,922,790
IMU 1   4380,18040,-6624,-218,271,22
IMU 2   -12616,5460,2404,-626,125,1024
IMU 3   -16924,-2688,-824,-1096,2640,3343
IMU 1   816,18380,-8428,129,368,25
IMU 2   -12008,9192,2488,236,335,424
IMU 3   -18532,-5148,-1292,-944,2390,3411
IMU 1   4452,13788,-5132,-67,13,59
IMU 2   -11056,9184,1944,591,541,-456
IMU 3   -15652,-6880,-1764,167,1712,2267
IMU 1   612,10176,228,192,-327,262
IMU 2   -12920,9988,904,295,191,-1510
IMU 3   -14912,-5296,5372,565,169,-597
IMU 1   428,12468,-2924,84,-466,111
IMU 2   -24060,14492,6428,187,515,-1496
IMU 3   -25220,-7660,4840,-998,-1394,-3190
IMU 1   4264,17384,-9224,-48,-49,338
IMU 2   -16368,7792,188,-1109,433,-1531
IMU 3   -16084,-2176,1636,103,-1189,-1286
IMU 1   4592,12768,-1664,450,-217,408
IMU 2   -14860,24,484,320,428,-2010
IMU 3   -15812,-2804,-564,804,-783,-979
IMU 1   836,11532,-4036,-444,-265,-309
IMU 2   -15776,456,712,-1473,185,-1414
IMU 3   -15368,-5188,904,400,-724,-948
IMU 1   2832,20224,-6980,-331,213,-144
IMU 2   -15592,704,-356,-795,272,-2224
IMU 3   -16160,-5888,-288,389,-476,-751
IMU 1   5680,16260,-6860,239,-182,339
IMU 2   -16404,-2112,-968,466,304,-1152
IMU 3   -16796,-6960,304,717,-1278,-2004
IMU 1   -3944,1232,-10112,-118,-347,-358
IMU 2   -18260,2052,-2276,499,-231,-866
IMU 3   -20572,-8332,-864,1381,-2078,-3102
IMU 1   3512,16844,-1672,-488,-213,39
IMU 2   -14128,-1528,1872,1948,-1233,3782
IMU 3   -24944,-8428,-940,1922,-3147,-5868
IMU 1   6660,22160,3368,950,-402,428
IMU 2   -17536,2440,1796,1225,-104,3798
IMU 3   -5488,6432,2580,749,809,1722
IMU 1   6616,14920,2348,-853,-310,-130
IMU 2   -14784,244,1748,-1223,765,4020
IMU 3   -10280,-6856,-808,-2616,3106,6134
IMU 1   6544,14020,-2920,-354,-565,278
IMU 2   -11648,1384,2640,-594,491,862
        -17536,-11520,-2464,-
IMU 3   1277,4793,7022
IMU 1   7844,15016,-4072,-104,-165,291
IMU 2   -13788,11308,-2860,84,1581,-3269
IMU 3   -23772,-14648,8116,1002,4241,5258
IMU 1   -1152,-6128,-3780,-629,-163,-584
IMU 2   -21664,2956,1228,-478,-707,-564
IMU 3   -26128,16692,-25644,1318,-169,-464
IMU 1   6444,16736,188,-477,-793,514
IMU 2   -12180,-11752,-16,1867,426,-2312
IMU 3   -13248,-7624,-4916,-378,-1627,-3279
IMU 1   2408,8200,-2312,-240,-39,253
IMU 2   -14844,-1076,188,-758,417,-1786
IMU 3   -15124,-5936,-2704,179,-908,-1533

IMU 1   4028,10768,-2720,518,-362,146
IMU 2   -14692,872,-32,-1346,228,-1844
IMU 3   -15476,-5008,-1336,921,-356,-868
IMU 1   4696,23948,292,-553,298,38
IMU 2   -15300,1044,-1540,-1071,363,-1847
IMU 3   -15692,-5944,-1676,381,-778,-1348
IMU 1   3684,11940,-7832,167,391,26
IMU 2   -16636,2396,-824,63,44,-1175
IMU 3   -18636,-6368,1468,710,-2168,-2594
IMU 1   3448,12300,-3492,-477,380,98
IMU 2   -17156,5092,-536,1724,-935,316
IMU 3   -26068,-4568,-916,3635,-2849,-4133
IMU 1   1352,15200,-7180,-1326,-322,-673
IMU 2   -19484,768,2452,2550,-584,3469
        -11160,-11040,-5612,1685,-1016,-
IMU 3   3618
IMU 1   5020,19284,-5740,-393,-331,103
IMU 2   -15744,508,1184,545,54,3831
IMU 3   -8256,-2480,-1452,-2237,1948,4804
IMU 1   6692,18532,-8356,445,-533,144
IMU 2   -11512,540,1116,-584,542,2545
IMU 3   -16380,-9760,-2584,-2096,3597,6940
IMU 1   1796,6588,-2964,502,-364,158
IMU 2   -11952,636,620,-951,256,-1623
IMU 3   -27820,-14072,676,1137,5331,7238
IMU 1   1524,12224,-5172,-522,-164,253
IMU 2   -12756,18952,5216,-168,428,87
        -15896,-19832,18336,-70,-1718,-
IMU 3   2342
IMU 1   3636,14404,-6328,-536,112,-48
IMU 2   -8520,-14152,-6312,-3252,1565,1552
        -12068,-3240,-8980,-2242,-1921,-
IMU 3   3578
IMU 1   2228,12740,-2236,-195,-118,129
IMU 2   -14496,-2140,1144,-1325,152,-1848
IMU 3   -14996,-6076,-2748,-59,-1076,-1658
IMU 1   6852,32767,-16732,-11,1071,589
IMU 2   -14916,1404,-712,-1560,91,-2010
IMU 3   -15452,-5700,-708,1191,-349,-932
IMU 1   3896,15096,-4920,156,345,256
IMU 2   -15140,612,212,-16,287,-2035
IMU 3   -16000,-5960,-412,723,-1126,-1322
IMU 1   4760,13440,-6576,476,-470,327
IMU 2   -16148,592,-1296,598,15,-2242
IMU 3   -16992,-6204,1112,937,-1508,-1933
IMU 1   -1192,6092,-5528,378,-433,144
IMU 2   -19056,2528,-1428,1764,-708,56
IMU 3   -24756,-5180,972,2604,-2822,-3836
IMU 1   4576,17996,-9420,-520,377,18
IMU 2   -19008,-3648,4064,2160,-780,3489
        -10948,-9804,-4512,1646,-1866,-
IMU 3   3503
IMU 1   6788,21228,-3412,390,-149,689
IMU 2   -15668,1652,1288,604,91,3767
IMU 3   -7308,-76,-2504,-2261,2119,4087
IMU 1   2124,20584,-11380,112,114,223
IMU 2   -10284,880,872,-659,638,2973
IMU 3   -15864,-8000,-1304,-1841,3981,7047
IMU 1   3180,16564,-5728,-946,-317,-214
IMU 2   -11508,1940,1316,-960,252,-1197
IMU 3   -29548,-12744,6000,1057,5006,7031
IMU 1   2480,17736,-4412,499,-456,154
IMU 2   -13824,14428,6180,-709,144,991
        -15768,-16668,12856,-693,-1477,-
IMU 3   1596
IMU 1   -1468,7816,-4680,-497,-393,-208
IMU 2   -18336,15168,6532,-1959,554,136
        -16072,-10276,-764,-1332,-1673,-
IMU 3   4015
IMU 1   2392,14800,-6532,271,297,158
IMU 2   -14656,368,928,-2000,291,-1763
IMU 3   -15592,-1688,564,-189,-657,-1377
IMU 1   3788,13228,-3460,-395,-38,95
IMU 2   -15040,3200,40,-758,220,-2231
IMU 3   -15596,-4232,-932,564,-491,-1129
IMU 1   3372,-260,-7804,-1086,-11,-736
IMU 2   -14992,340,476,-657,432,-2050
IMU 3   -16052,-5032,-720,511,-618,-922
IMU 1   2552,10992,-3912,-162,716,-85
IMU 2   -15860,-692,-676,-420,330,-1518
IMU 3   -16464,-7244,-640,756,-1422,-1737
IMU 1   5600,11668,-4632,-19,-298,54
IMU 2   -18676,460,-148,708,-134,-652
IMU 3   -21316,-7268,1220,1265,-2296,-3229
IMU 1   924,9932,-6324,-392,-23,-152
IMU 2   -13148,-8,2416,2691,-1662,3128
IMU 3   -19492,-9972,6184,1572,-3482,-5350
IMU 1   2788,26828,-5408,254,116,1106
IMU 2   -16824,2028,2044,1163,152,3450
IMU 3   -6036,8180,-552,1081,1161,1953
IMU 1   7256,23664,-7580,-189,180,493
IMU 2   -14100,152,1520,-501,215,3441
IMU 3   -12956,-5196,-1412,-2026,4377,6132
IMU 1   2684,16752,-4664,-802,-227,-4
IMU 2   -10700,2300,1420,-244,147,448
IMU 3   -24776,-8532,1612,-398,5885,6920
IMU 1   5652,20440,-4104,460,285,385
IMU 2   -18612,16548,740,518,1384,-1800
IMU 3   -19712,-20536,12732,483,3631,3586
IMU 1   292,8340,-1068,-880,-411,-487
IMU 2   -17380,3268,-1340,377,-16,-563
IMU 3   -20860,-2884,12524,286,-2613,-3588
IMU 1   1956,8784,-8120,-80,-32,-51
IMU 2   -19264,2224,-2764,1880,-39,-2977
        -16568,-8292,-1976,1130,-1841,-
IMU 3   2593
IMU 1   2632,6584,-9088,-268,-137,136
IMU 2   -15352,-2380,-68,-893,182,-2651
IMU 3   -15896,-3768,-996,1278,-415,-583
IMU 1   1108,13824,-14796,312,-44,432
IMU 2   -15052,3920,420,-1600,33,-1912
IMU 3   -15816,-4568,-424,818,-401,-798
IMU 1   4440,16544,-7308,-10,316,576
IMU 2   -16208,-1568,340,-264,320,-2230
IMU 3   -16568,-6068,364,1291,-1066,-1232
IMU 1   4984,19892,-4300,-553,123,213
IMU 2   -15924,684,484,99,-57,-971
IMU 3   -17932,-6252,1548,623,-2707,-2554
IMU 1   2972,15312,-5364,-98,-89,-51
IMU 2   -18620,2412,-336,1746,-1235,1450
IMU 3   -27436,264,-1100,1106,-3823,-4052
IMU 1   4056,18160,-3864,-868,502,9
IMU 2   -18696,-1604,2764,1418,-506,3925
IMU 3   -12260,-8176,2964,208,-2201,-2115
IMU 1   3260,19380,-4968,156,606,263
IMU 2   -16448,1380,1620,524,10,4049
IMU 3   -7140,-3232,-2120,-1781,2327,4768
IMU 1   2668,16388,-3824,401,49,232
IMU 2   -11960,540,680,328,286,1856
IMU 3   -17164,-7328,-1328,-1406,4865,6681
IMU 1   2080,13352,-5208,-598,-362,-52
IMU 2   -10720,1720,-632,-573,195,-1461
IMU 3   -30256,-11492,3524,1280,5593,6781
IMU 1   2420,19056,-11576,-121,-360,-99
IMU 2   -12084,18184,6028,-704,809,688
        -16444,-18060,19316,-1337,-2188,-
IMU 3   3289
IMU 1   760,18304,-5580,-693,-416,216
IMU 2   -8968,-16324,952,-1653,1071,743
        -11372,-4616,-8412,-2664,-2249,-
IMU 3   3513
IMU 1   6320,16888,-1676,-1230,-191,-541

IMU 2   -14848,-2520,572,-1738,280,-1402
IMU 3   -15016,-6832,-1824,-56,-1503,-1921
IMU 1   3480,27168,784,273,-246,765
IMU 2   -14996,3344,-720,-1034,69,-2319
IMU 3   -14844,-6188,-604,962,-498,-767
IMU 1   4644,21868,-11560,-261,254,221
IMU 2   -14284,280,-156,-1504,403,-2371
IMU 3   -15784,-5688,340,444,-464,-798
IMU 1   3948,10612,-1968,228,-127,125
IMU 2   -17136,2332,-1000,416,238,-1577
IMU 3   -18224,-6952,984,826,-1480,-1975
IMU 1   44,14256,-6164,1540,-210,726
IMU 2   -19456,2864,-1360,1251,-565,-28
IMU 3   -24436,-7400,948,1732,-2928,-3817
IMU 1   3532,23272,-14108,-643,587,127
IMU 2   -17188,-3820,3344,2450,-847,3224
        -14744,-11692,-2572,624,-2736,-
IMU 3   4400
IMU 1   4520,10460,-9028,581,-7,397
IMU 2   -16224,976,1388,530,-157,3361
IMU 3   -7648,504,-2692,-2410,1587,3255
IMU 1   2880,17740,-9872,-16,-460,25
IMU 2   -12136,820,1724,16,342,2836
IMU 3   -16904,-6296,-64,-900,4350,6472
IMU 1   6472,16160,-4288,93,-10,445
IMU 2   -10928,2276,292,-133,-155,-408
IMU 3   -26928,-8048,2392,-426,5851,7151
IMU 1   5052,20644,-4980,222,35,331
IMU 2   -14908,22800,3084,-614,1018,197
IMU 3   -15796,-22004,18772,1156,1527,971
IMU 1   1804,8068,-1964,60,-339,-155
IMU 2   -29064,9360,14116,-2050,747,-1665
        -32768,-3652,10916,-229,-2565,-
IMU 3   4862
IMU 1   3496,14740,-8872,-47,-283,224
IMU 2   -17884,7848,-2104,-1109,264,-1523
IMU 3   -16664,-864,1028,516,-1326,-1954
IMU 1   684,17884,-10340,-108,-442,-141
IMU 2   -16208,516,-728,-595,277,-2298
IMU 3   -14800,-5556,732,1020,-562,-1023
IMU 1   3616,18624,-6632,661,281,879
IMU 2   -14872,1504,108,-1756,203,-1911
IMU 3   -15348,-6588,216,610,-301,-446
IMU 1   5584,16552,-13524,309,902,480
IMU 2   -14704,1656,-800,-719,402,-1885
IMU 3   -15788,-6844,-388,811,-917,-1175
IMU 1   3368,20220,-13372,-218,411,237
IMU 2   -17464,1216,-8,-109,-200,-552
IMU 3   -19976,-7912,1080,932,-2391,-2850
IMU 1   1360,8912,-2396,-675,-382,-14
IMU 2   -15592,7012,1916,2446,-1330,964
IMU 3   -26908,1268,-3336,2836,-2711,-3902
IMU 1   4068,19120,-11604,471,-312,761
IMU 2   -20096,-856,1548,954,-639,3561
IMU 3   -10640,-8428,-896,473,-1323,-1706
IMU 1   4184,10696,-2276,44,-283,249
IMU 2   -15812,2216,1928,-154,-18,3971
IMU 3   -9836,-3992,-3312,-1711,2705,6008
IMU 1   1512,19448,-7356,-486,-99,304
IMU 2   -11268,-1376,3204,-44,-5,1847
IMU 3   -18388,-8612,-2584,-1705,5608,7393
IMU 1   -296,8544,808,-752,-431,109
IMU 2   -12808,8592,-332,135,552,-2720
IMU 3   -27920,-18352,9720,1490,5470,6014
IMU 1   -12,16260,-8772,-411,-159,131
IMU 2   -18568,8364,492,-52,1257,752
IMU 3   -20656,32767,-28776,-6674,50,-1100
IMU 1   1952,16424,-10100,-105,320,274
IMU 2   -12956,-18616,-48,2155,384,-2450
IMU 3   -11288,-9436,-8092,-157,-2228,-3197
IMU 1   1064,12592,-4636,-722,312,-308
IMU 2   -14788,-616,340,-1323,211,-1749
IMU 3   -15600,-6736,-2852,792,-1209,-1617
IMU 1   8196,28468,-10688,1369,159,1186
IMU 2   -14576,2392,260,-1293,162,-2217
IMU 3   -14920,-5936,-4,911,-580,-882
IMU 1   -1432,5092,-9556,99,-89,-564
IMU 2   -14904,228,-696,-1049,372,-2539
IMU 3   -15792,-6068,1004,291,-379,-878
IMU 1   5152,22172,-7944,284,-87,521
IMU 2   -17120,2512,-1604,104,186,-1469
IMU 3   -18648,-6780,176,799,-1509,-2097
IMU 1   3516,21032,-11504,1190,-205,-121
IMU 2   -19564,3956,-1528,1467,-666,496
IMU 3   -26528,-5588,884,2117,-3003,-4137
IMU 1   6240,23964,-8668,-542,342,411
IMU 2   -19696,-1948,3764,3186,-1306,3079
        -10396,-9852,-4616,1931,-1296,-
IMU 3   3584
IMU 1   820,11608,-644,117,-213,422
IMU 2   -15092,1932,1688,-294,-15,3873
IMU 3   -6116,-1864,-2496,-3262,2381,4532
IMU 1   5580,22404,-10584,829,52,817
IMU 2   -11300,128,1676,-79,824,2012
IMU 3   -17036,-7992,-1032,-1609,4290,6586
IMU 1   2484,21664,-1164,193,-294,272
IMU 2   -12616,3092,-220,-782,106,-1226
IMU 3   -26496,-13332,2460,1312,5463,6019
IMU 1   -864,15576,-11384,34,238,-38
IMU 2   -11140,16744,6232,-491,857,554
        -16268,-13804,17876,-2035,-1924,-
IMU 3   2287
IMU 1   -924,14372,-3156,406,-579,124
IMU 2   -12040,-3328,-6592,-2011,1123,1656
IMU 3   -18872,-6584,-84,-3054,-2793,-3488
IMU 1   1132,17584,-14200,-164,-155,-104
IMU 2   -14708,-1424,-640,-1738,82,-1657
IMU 3   -15100,-5496,-2640,-342,-846,-1475
IMU 1   8004,19540,-2468,206,-239,399
IMU 2   -14652,2692,-152,-876,-33,-2181
IMU 3   -15108,-5976,-1160,986,-385,-670
IMU 1   -740,8500,-12272,-7,265,123
IMU 2   -15004,120,-212,-1086,451,-1941
IMU 3   -16284,-5328,-704,576,-787,-788
IMU 1   2516,22780,-3592,-1121,-77,365
IMU 2   -16032,-232,-832,-234,234,-1671
IMU 3   -17216,-5568,1880,810,-1485,-1570
IMU 1   3564,6916,-9980,-389,149,-31
IMU 2   -19040,-904,336,1105,-437,-415
IMU 3   -21720,-7060,2328,1253,-2737,-3388
IMU 1   2468,13816,-4444,-370,-192,83
IMU 2   -14380,-3988,1368,1431,-1982,3107
        -16016,-13532,4588,1398,-3336,-
IMU 3   5321
IMU 1   288,10272,-6220,174,-495,461
IMU 2   -18244,-532,1472,1459,-241,3499
IMU 3   -5532,9304,1176,148,354,2300
IMU 1   4100,15724,-5688,-226,-11,-151
IMU 2   -15084,624,920,-722,482,3757
IMU 3   -13640,-4464,-2488,-2408,3371,6959
IMU 1   8388,19060,-572,754,-135,916
IMU 2   -10996,1112,3544,-208,-35,243
IMU 3   -23716,-10908,-2356,-896,5777,7441
IMU 1   676,7572,-13252,378,120,86
IMU 2   -16700,14268,-1272,522,1156,-1175
IMU 3   -20568,-19368,16908,768,3198,3194
IMU 1   7160,12436,-7236,645,-376,547
IMU 2   -15920,4928,808,209,496,-1056
IMU 3   -24752,4664,8756,-40,-1811,-3131
IMU 1   4696,13180,-10416,-226,-186,492
IMU 2   -16704,44,-1628,891,590,-2332
IMU 3   -14336,-7812,-1928,949,-1889,-2370
IMU 1   3168,10444,-9116,136,-54,-217
IMU 2   -15744,-1120,408,-351,193,-2300
IMU 3   -14896,-5444,-992,1391,-613,-995
IMU 1   5348,21752,-7708,-855,172,109
IMU 2   -14968,928,-268,-1191,277,-2350
IMU 3   -15612,-4848,-540,466,-113,-419
IMU 1   2256,17336,-4280,191,-825,442
IMU 2   -15352,1860,-676,-821,286,-2138
IMU 3   -16364,-5444,-764,480,-667,-1095
IMU 1   1108,13532,-6364,359,-946,172
IMU 2   -17804,144,20,291,202,-1711
IMU 3   -19748,-6224,748,1249,-1844,-2152
IMU 1   1740,6828,-3128,374,-560,416
IMU 2   -19604,1972,-1160,2148,-688,-102
IMU 3   -24188,-6884,-204,2544,-2972,-3910
IMU 1   2552,18240,-2424,309,-870,-56
IMU 2   -18228,-2484,3064,1729,-1173,3244
        -14592,-14496,-2780,1394,-2680,-
IMU 3   4458
IMU 1   7216,17760,-7232,-514,-371,460
IMU 2   -16684,588,2184,1150,-177,3557
IMU 3   -7644,2996,-1356,-2007,1737,3779
IMU 1   4468,15980,-5684,-3,-604,395
IMU 2   -12436,-448,1124,-125,541,2454
IMU 3   -14096,-6400,-2660,-2093,4891,7536
IMU 1   12,12316,-7664,-578,-245,-320
IMU 2   -11980,2916,1700,-1454,122,-1186
IMU 3   -26716,-17232,1560,2231,6046,6969
IMU 1   4576,19308,-4896,-616,-460,26
IMU 2   -12840,16136,3516,280,1424,876
        -14492,-17800,18408,-1869,-2205,-
IMU 3   3147
IMU 1   2640,-2788,-8348,-740,-333,-668
IMU 2   -11272,7360,-1736,-3092,393,2580
        -16216,-4980,-4756,-3294,-2056,-
IMU 3   3567
IMU 1   1836,16856,-13744,-242,-352,226
IMU 2   -14592,392,508,-1770,58,-1448
IMU 3   -14828,-5532,-1428,-525,-1048,-1707
IMU 1   3388,21428,-4068,-156,-232,375
IMU 2   -15152,1664,-560,-67,62,-2589
IMU 3   -15064,-6776,-1836,1211,-231,-786
IMU 1   1428,13856,-9000,-536,-39,-217
IMU 2   -15140,324,-260,-1680,470,-1967
IMU 3   -16020,-5220,20,620,-320,-664
IMU 1   3444,5952,-5580,-595,295,-93
IMU 2   -16204,1316,-808,-289,401,-1586
IMU 3   -17268,-6196,1208,851,-1457,-1513
IMU 1   -88,10320,-13208,-861,86,-515
IMU 2   -18500,264,-32,854,-416,-198
IMU 3   -21532,-8032,1876,1215,-2960,-3444
IMU 1   3704,19720,-7444,-184,-390,354
IMU 2   -15192,-2496,708,1896,-1557,3019
        -16316,-13560,3836,1214,-3682,-
IMU 3   5253
IMU 1   4040,11832,-8520,-5,102,203
IMU 2   -17380,-1420,1672,1201,-270,3526
IMU 3   -5692,9960,456,394,333,2149
IMU 1   7076,18060,-5344,126,-333,178
IMU 2   -14100,1400,992,-967,286,3667
IMU 3   -12136,-5656,-3088,-2409,3654,6940
IMU 1   956,7728,-9024,-1354,86,-151
IMU 2   -11392,1240,3236,-407,383,524
        -22752,-11748,-2232,-
IMU 3   1465,5282,6702
IMU 1   2436,16936,-7408,-58,-248,169
IMU 2   -15624,14068,-1416,-341,1327,-1492
        -21048,-
IMU 3   15824,11864,1504,4231,3680
IMU 1   6772,16444,-8432,394,386,440
IMU 2   -18444,3836,-280,266,385,-243
IMU 3   -23536,13608,-1148,525,-1191,-1493
IMU 1   1052,7436,-5872,-399,112,-332
IMU 2   -16620,-8364,948,1922,293,-2637
        -12752,-10160,-4516,889,-1763,-
IMU 3   2538
IMU 1   2188,12908,-9592,-123,321,-221
IMU 2   -15108,-748,-1020,-1381,113,-1868
IMU 3   -15304,-4404,-2252,1008,-795,-996
IMU 1   1188,15440,-4404,-673,170,-354
IMU 2   -15144,1968,-664,-1040,208,-2215
IMU 3   -15564,-3884,12,380,-368,-811
IMU 1   344,16812,-2308,19,-136,271
IMU 2   -14844,1148,-304,-631,365,-1961
IMU 3   -15984,-4640,-1300,419,-867,-1127
IMU 1   5128,17496,-5460,-137,-42,383
IMU 2   -17392,-2452,-160,-478,249,-1858
IMU 3   -18212,-7344,148,896,-1341,-1918
IMU 1   4604,20140,-1664,-208,-183,-183
IMU 2   -20452,1064,-2472,1359,-326,-183
IMU 3   -24336,-7284,156,2074,-2911,-3628
IMU 1   4532,32767,-15988,-484,629,559
IMU 2   -17484,-2632,4472,2675,-1019,3541
        -17348,-17352,-2800,788,-2917,-
IMU 3   5199
IMU 1   5776,13592,-396,419,-426,-228
IMU 2   -15256,2236,2040,963,-283,3592
IMU 3   -7520,3332,-640,-1548,1902,3603
IMU 1   2224,16588,-6976,-77,3,-46
IMU 2   -12476,-212,1148,410,178,2520
IMU 3   -18084,-6560,-548,-967,4925,6894
IMU 1   2896,11988,-3508,-269,265,68
IMU 2   -10888,3176,596,-770,354,-374
IMU 3   -29668,-10084,3900,512,5696,6601
IMU 1   3960,19628,-9504,-726,187,-289
IMU 2   -12536,15696,6580,-1000,809,582
IMU 3   -14936,-19020,16328,-667,-214,-670
IMU 1   3044,8612,-8848,257,-353,223
IMU 2   -12896,7984,3372,-2582,1375,2460
        -18428,-5884,-2156,-2582,-2084,-
IMU 3   4242
IMU 1   1872,5520,-1876,241,-206,422
IMU 2   -14632,-560,-480,-1734,136,-1442
IMU 3   -15000,-3976,-1096,-847,-913,-1746
IMU 1   3084,14708,-11112,103,-52,-107
IMU 2   -15184,2028,-328,-285,119,-2373
IMU 3   -14980,-5152,-868,443,-195,-720
IMU 1   3724,13324,-6496,797,-93,871
IMU 2   -14584,1780,448,-1791,392,-2101
IMU 3   -15412,-5012,24,718,-174,-568
IMU 1   -2644,2504,188,-1063,-542,-898
IMU 2   -15760,2088,-1280,-415,269,-1930
IMU 3   -17108,-6076,-1236,982,-1062,-1300
IMU 1   -916,7428,-5380,-198,-325,-124
IMU 2   -18084,-2044,28,393,-162,-1146
IMU 3   -19164,-7744,2156,1002,-2426,-2749
IMU 1   3472,20624,-5780,-489,-533,-99
IMU 2   -15300,704,1080,1080,-1279,2166
IMU 3   -25152,-920,-4712,2128,-2639,-4120
IMU 1   -1152,9344,-1828,147,-160,-114
IMU 2   -17072,-1028,3200,2721,-971,3489
IMU 3   -11580,-364,2104,3361,452,-1319
IMU 1   1480,9704,-480,653,-137,423
IMU 2   -15252,164,764,-216,437,4164
IMU 3   -3280,144,-496,-2109,3126,5820
IMU 1   6124,19112,-6308,-589,173,-143
IMU 2   -11796,260,2028,224,485,1570
IMU 3   -20032,-9536,-1676,-2131,4889,7015
IMU 1   4292,19012,-7824,133,95,525
IMU 2   -10612,6328,440,-625,323,-1664
IMU 3   -24368,-17328,7584,2903,5541,5082
IMU 1   6108,27644,-3032,799,-311,821
IMU 2   -14184,11288,1212,765,1353,206
        -13580,32767,-196,-3833,-1975,-
IMU 3   1616
IMU 1   5280,17188,-6684,-7,222,358
IMU 2   -11888,-18784,-3496,1265,581,-1999
        -13468,-11128,-6900,331,-2423,-
IMU 3   3225
IMU 1   7752,18788,-4728,430,-160,324
IMU 2   -15576,-2172,-2160,-1205,243,-1489
IMU 3   -14600,-7264,-3644,568,-1107,-1485
IMU 1   2556,14660,-6128,-823,285,-229
IMU 2   -15568,2888,-684,-500,92,-2024
IMU 3   -15272,-5268,-292,713,-244,-416
IMU 1   2092,20000,-1296,-180,-745,-286
IMU 2   -14856,984,36,-1159,146,-1866
IMU 3   -15940,-5316,48,417,-117,-485
IMU 1   5912,17916,-8032,-19,516,219
IMU 2   -15552,596,-1032,-510,246,-1666
IMU 3   -16652,-6324,-976,544,-1179,-1151
IMU 1   5520,11828,-12480,656,596,223
IMU 2   -18864,1028,-444,906,-145,-997
IMU 3   -19840,-7276,2732,1340,-1840,-2529
IMU 1   6548,12244,-5840,-256,121,173
IMU 2   -14928,480,2568,2686,-1872,1847
IMU 3   -21424,1272,-476,2531,-2675,-4232
IMU 1   7392,15880,-6744,281,831,560
IMU 2   -18620,540,2188,2456,-733,3070
IMU 3   -9732,4840,-1908,3615,764,-304
IMU 1   5396,10752,-9420,-588,395,66
IMU 2   -14140,1096,864,-179,197,3333
IMU 3   -4620,-1424,-2396,-2837,3621,5348
IMU 1   404,6140,-10756,-519,144,-194
IMU 2   -11632,12,2028,242,211,891
IMU 3   -21040,-9444,-728,-826,5151,6417
IMU 1   1212,19264,-10152,-295,543,228
IMU 2   -12544,6536,888,-587,772,-1516
IMU 3   -23604,-12224,3524,1409,5198,5068
IMU 1   3232,14552,-5300,195,-232,262
IMU 2   -11308,9072,2404,320,525,752
        -15852,-9324,12524,-2440,-2634,-
IMU 3   2875
IMU 1   -1712,13728,-10824,-437,143,-197
IMU 2   -16360,9096,2912,-2156,435,2100
        -18576,-8876,-2724,-1595,-1517,-
IMU 3   3423
IMU 1   388,6408,-7100,649,-139,-63
IMU 2   -18276,3400,840,-3423,779,791
IMU 3   -15632,-4552,700,-45,-1715,-1752
IMU 1   1544,12452,-2172,423,304,76
IMU 2   -15556,1324,-416,-229,102,-1128
IMU 3   -15436,-4468,-100,492,-381,-259
IMU 1   2884,15808,-6600,-26,291,29
IMU 2   -14328,6052,284,-956,358,-950
IMU 3   -15620,-4420,-52,264,-194,-5
IMU 1   3280,9860,-4348,-388,-54,-273
IMU 2   -15008,1364,-1396,-223,217,-1450
IMU 3   -16112,-5028,-1788,495,-53,5
IMU 1   3760,13608,-7976,-156,36,-61
IMU 2   -14892,284,984,-284,15,-1309
IMU 3   -15580,-3880,720,78,267,395
IMU 1   4752,15420,-9004,38,224,64
IMU 2   -16544,-44,-380,680,-117,-938
IMU 3   -16584,-3844,-664,361,203,143
IMU 1   4316,16276,-7056,-264,-84,-95
IMU 2   -15532,-324,460,-367,18,60
IMU 3   -15872,-3636,-72,129,-288,-155
IMU 1   2576,16340,-8072,89,-63,95
IMU 2   -16284,-1524,4,89,-44,-48
IMU 3   -15680,-4096,320,242,-188,-29
IMU 1   3752,15168,-8628,-306,81,68
IMU 2   -16064,-1220,68,208,-59,-86
IMU 3   -15932,-4104,232,250,-83,33
IMU 1   3784,15060,-8152,-88,-2,37
IMU 2   -15724,-548,428,18,11,62
IMU 3   -15660,-3908,384,174,-79,12
IMU 1   3472,14848,-7596,-245,-2,48
IMU 2   -15904,-508,448,134,-217,150
IMU 3   -15844,-3832,336,201,-79,-6
IMU 1   2804,15412,-8044,-270,21,-15
IMU 2   -15272,-148,544,-139,-121,329
IMU 3   -15592,-3924,608,324,-177,-54
IMU 1   3068,14980,-7724,-154,-2,30
IMU 2   -15528,220,864,-116,-43,160
IMU 3   -15748,-3840,708,258,-54,30
IMU 1   3068,14892,-7708,-114,10,88
IMU 2   -15400,84,1316,-192,-12,65
IMU 3   -15752,-3940,568,123,44,41
IMU 1   3180,14876,-7592,-111,8,108
IMU 2   -15612,208,916,-158,54,64
IMU 3   -15732,-4088,696,121,43,18
IMU 1   3220,15012,-7676,-130,17,80
IMU 2   -15748,-12,752,-111,30,-26
IMU 3   -15812,-3916,632,136,48,38
IMU 1   2928,14952,-7224,-179,19,149
IMU 2   -15632,20,828,-115,42,-22
IMU 3   -15812,-3932,472,110,73,23
IMU 1   3168,15116,-7640,-127,11,75
IMU 2   -15508,8,784,-77,17,7
IMU 3   -15748,-4060,444,109,8,-18
IMU 1   3136,15028,-7520,-118,-11,77
IMU 2   -15524,168,776,-128,59,59
IMU 3   -15812,-3952,392,127,-31,-34
IMU 1   3140,14988,-7620,-135,2,65
IMU 2   -15584,-172,704,-214,73,26
IMU 3   -15768,-3960,348,177,-13,-54
IMU 1   3144,14988,-7564,-121,3,77
IMU 2   -15848,-116,496,-194,23,58
IMU 3   -15840,-3872,472,95,-42,-41
IMU 1   3328,14952,-7564,-128,7,82
IMU 2   -15536,-252,672,-146,33,14
IMU 3   -15620,-4132,484,124,-28,-13
IMU 1   3232,14980,-7536,-145,12,93
IMU 2   -15552,-284,868,-181,29,65
IMU 3   -15708,-4048,476,128,-19,-3
IMU 1   3308,15008,-7448,-102,-1,78
IMU 2   -15524,-116,884,-156,35,22
IMU 3   -15696,-4120,632,131,5,25
IMU 1   3164,14960,-7556,-110,2,93
IMU 2   -15688,-208,748,-187,28,86
IMU 3   -15716,-4100,440,140,-4,18
IMU 1   3132,15012,-7412,-124,12,90
IMU 2   -15540,-48,672,-58,31,64
IMU 3   -15676,-4136,504,165,-14,22
IMU 1   3212,14976,-7372,-124,4,86
IMU 2   -15500,-172,764,-173,-1,32
IMU 3   -15788,-4104,464,178,1,57
IMU 1   3024,15036,-7528,-130,-2,86
IMU 2   -15452,48,648,-149,-9,28
IMU 3   -15728,-4024,604,173,-4,54
IMU 1   3176,14916,-7696,-122,7,91
IMU 2   -15512,100,820,-65,45,30
IMU 3   -15808,-4036,360,153,-8,8
IMU 1   3252,15012,-7636,-128,1,80
IMU 2   -15900,-68,564,-189,29,70
IMU 3   -15808,-3880,372,146,-30,-4
IMU 1   3168,14912,-7552,-121,0,79
IMU 2   -15564,-172,1028,-148,-4,50
IMU 3   -15744,-3992,484,157,-20,-6
IMU 1   3140,14916,-7520,-149,-4,82
IMU 2   -15656,-380,704,-111,9,27
IMU 3   -15696,-4040,588,146,8,21
IMU 1   3152,15064,-7496,-92,-7,87
IMU 2   -15460,-108,696,-89,3,-9
IMU 3   -15804,-3992,392,151,41,38
IMU 1   3124,14912,-7340,-83,-1,82
IMU 2   -15452,-184,884,56,46,17
IMU 3   -15664,-3896,420,161,22,19
IMU 1   2988,15048,-7324,-233,0,89
IMU 2   -15560,64,752,32,-4,-5
IMU 3   -15700,-3872,416,156,22,33
IMU 1   3208,15068,-7512,-124,-15,57
IMU 2   -15732,8,652,0,50,43
IMU 3   -15832,-3936,384,146,-6,-11
IMU 1   3172,14848,-7456,-108,2,98
IMU 2   -15692,-380,672,-28,42,74
IMU 3   -15796,-3884,388,164,-12,-22
IMU 1   3088,15016,-7404,-122,10,92
IMU 2   -15536,20,764,-15,64,5
IMU 3   -15792,-3864,380,167,7,34
IMU 1   3260,15032,-7364,-113,7,84
IMU 2   -15596,76,832,-51,53,47
IMU 3   -15840,-3804,324,149,5,-1
IMU 1   3228,14984,-7536,-124,3,82
IMU 2   -15612,28,752,-56,35,20
IMU 3   -15792,-3976,388,138,4,7
IMU 1   3212,15132,-7356,-157,-5,79
IMU 2   -15592,-60,660,-168,40,47
IMU 3   -15764,-4000,304,126,2,6
IMU 1   3252,15000,-7536,-146,5,80
IMU 2   -15564,80,764,-166,75,67
IMU 3   -15784,-3908,240,121,-2,-3
IMU 1   3136,15044,-7504,-121,8,90
IMU 2   -15632,184,752,-113,74,3
IMU 3   -15780,-3804,340,124,14,2
IMU 1   3128,15088,-7544,-121,17,84
IMU 2   -15620,100,644,-63,109,61
IMU 3   -15732,-3972,200,108,-27,-29
IMU 1   3032,15332,-7020,-106,-17,96
IMU 2   -15628,8,672,-171,54,123
IMU 3   -15712,-3976,216,118,-46,-75
IMU 1   3308,14892,-7684,6,-51,-28
IMU 2   -15600,116,676,-198,48,91
IMU 3   -15676,-4128,396,158,-47,-48
IMU 1   3200,15132,-7684,-201,42,138
IMU 2   -15476,120,420,-168,88,41
IMU 3   -15652,-4072,320,142,-7,-16
IMU 1   3148,14920,-7708,44,4,124
IMU 2   -15788,-216,644,-233,7,52
IMU 3   -15720,-4124,328,143,3,5
IMU 1   3152,14896,-7388,-122,16,107
IMU 2   -15540,64,600,-177,5,34
IMU 3   -15780,-3920,364,133,-3,36
IMU 1   3096,15020,-7736,-166,11,96
IMU 2   -15872,28,624,-126,30,50
IMU 3   -15892,-4012,336,139,9,18
IMU 1   3084,15020,-7520,-152,6,50
IMU 2   -15620,104,584,-43,-4,13
IMU 3   -15772,-3888,268,151,14,24
IMU 1   3392,14940,-7584,-93,-2,101
IMU 2   -15680,80,576,-34,12,9
IMU 3   -15792,-4008,240,167,1,21
IMU 1   3092,15120,-7552,-147,21,107
IMU 2   -15768,76,492,-30,-3,11
IMU 3   -15796,-4012,284,151,-20,6
IMU 1   3288,15088,-7564,-86,14,108
IMU 2   -15592,-64,700,-81,31,27
IMU 3   -15756,-3936,292,151,-33,2
IMU 1   3224,15332,-7800,-252,29,135
IMU 2   -15704,-60,568,42,-53,10
IMU 3   -15848,-3968,260,125,-54,-46
IMU 1   3160,15208,-7716,-154,-3,61
IMU 2   -15592,36,836,-97,-4,42
IMU 3   -15764,-3972,356,128,-52,-34
IMU 1   3332,15072,-7500,-186,6,60
IMU 2   -15644,-128,864,-32,-17,-37
IMU 3   -15724,-4092,484,142,-2,20
IMU 1   3168,15080,-7580,-131,8,88
IMU 2   -15564,340,656,-87,51,-43
IMU 3   -15760,-4072,336,135,15,22
IMU 1   3196,14944,-7532,-75,2,110
IMU 2   -15768,56,844,-170,33,30
IMU 3   -15808,-3972,364,145,-19,-12
IMU 1   3224,15056,-7408,-51,4,107
IMU 2   -15644,-72,752,-269,95,21
IMU 3   -15732,-4028,520,134,-22,-35
IMU 1   3148,15040,-7464,-111,12,114
IMU 2   -15744,-296,816,-288,65,9
IMU 3   -15780,-4072,248,125,-1,-31
IMU 1   3408,14980,-7504,-89,10,81
IMU 2   -15724,-416,676,-239,65,101
IMU 3   -15640,-4152,328,96,-11,-54
IMU 1   3440,15076,-7668,-85,6,138
IMU 2   -15628,108,492,-231,91,9
IMU 3   -15632,-4236,484,78,49,-4
IMU 1   2916,15060,-7512,-28,14,116
IMU 2   -15936,-116,412,-473,57,31
IMU 3   -15844,-4160,344,48,57,-1
IMU 1   3136,14972,-7400,-261,17,93
IMU 2   -15680,-4,104,-309,66,-7
IMU 3   -15672,-4200,200,140,47,-20
IMU 1   3192,15148,-8004,81,3,131
IMU 2   -15660,-504,436,-158,67,41
IMU 3   -15612,-4348,276,122,-48,-48
IMU 1   3220,15320,-7620,157,18,184
IMU 2   -15584,-384,496,19,63,-6
IMU 3   -15664,-4240,328,145,-11,-31
IMU 1   3164,15060,-7232,-36,-8,111
IMU 2   -15724,-424,388,-154,69,36
IMU 3   -15664,-4240,252,123,-10,-19
IMU 1   3252,15188,-7392,-429,24,79
IMU 2   -15836,-564,472,-252,42,21